406.0600	0.0053791
406.9600	0.0054165
408.0300	0.0055337
408.9300	0.0056013
410.0000	0.0059067
411.0700	0.0062329
412.0000	0.0063360
413.0700	0.0066252
414.0000	0.0070415
415.0700	0.0074054
416.0000	0.0079353
417.0700	0.0085022
418.0000	0.0091127
419.0700	0.0098157
420.0000	0.0107381
421.0600	0.0118870
421.9600	0.0129281
423.0300	0.0143994
423.9300	0.0156987
425.0000	0.0176104
426.0600	0.0195305
426.9600	0.0219125
428.0300	0.0248563
428.9300	0.0271552
430.0000	0.0306154
431.0700	0.0345809
432.0000	0.0391631
433.0700	0.0445483
434.0000	0.0498304
435.0700	0.0568602
436.0000	0.0623844
437.0700	0.0716063
438.0000	0.0808026
439.0700	0.0925738
440.0000	0.1022648
441.0600	0.1151946
441.9600	0.1278471
443.0300	0.1449161
443.9300	0.1618726
445.0000	0.1799291
446.0600	0.2002734
446.9600	0.2186504
448.0300	0.2428087
448.9300	0.2674387
450.0000	0.2917146
451.0600	0.3199926
451.9600	0.3449421
453.0300	0.3727807
453.9300	0.4029097
455.0000	0.4362051
456.0600	0.4694704
456.9600	0.4966332
458.0300	0.5292142
458.9300	0.5585536
460.0000	0.5921087
461.0600	0.6278095
461.9600	0.6536999
463.0300	0.6830491
463.9300	0.7072982
465.0000	0.7361805
466.0600	0.7655558
466.9600	0.7866590
468.0300	0.8123341
468.9300	0.8315477
470.0000	0.8488323
471.0400	0.8681361
471.9400	0.8851990
472.9800	0.9003290
474.0200	0.9127046
475.0700	0.9268469
475.9700	0.9353420
477.0100	0.9445578
478.0500	0.9557089
478.9500	0.9627470
480.0000	0.9678491
481.0600	0.9734586
481.9600	0.9795797
483.0300	0.9846971
483.9300	0.9892203
485.0000	0.9901947
486.0600	0.9968409
486.9600	0.9968249
488.0300	0.9986689
488.9300	1.0000000
490.0000	0.9995251
491.0600	0.9977592
491.9600	0.9982543
493.0300	0.9993190
493.9300	0.9977205
495.0000	0.9945715
496.0600	0.9909233
496.9600	0.9854433
498.0300	0.9804556
498.9300	0.9775637
500.0000	0.9688480
501.0400	0.9623184
501.9400	0.9533373
502.9800	0.9461042
504.0200	0.9359493
505.0700	0.9273205
505.9700	0.9157061
507.0100	0.9020659
508.0500	0.8913341
508.9500	0.8792002
510.0000	0.8663644
511.0400	0.8533103
511.9400	0.8384888
512.9800	0.8253985
514.0200	0.8086647
515.0700	0.7943021
515.9700	0.7816200
517.0100	0.7684257
518.0500	0.7530464
518.9500	0.7405572
520.0000	0.7250642
521.0400	0.7103480
521.9400	0.7005390
522.9800	0.6878702
524.0200	0.6743014
525.0700	0.6597082
525.9700	0.6474154
527.0100	0.6342837
528.0500	0.6223408
528.9500	0.6107665
530.0000	0.6009242
531.0400	0.5868684
531.9400	0.5756387
532.9800	0.5629275
534.0200	0.5508143
535.0700	0.5394951
535.9700	0.5300657
537.0100	0.5170944
538.0500	0.5051153
538.9500	0.4946836
540.0000	0.4814721
541.0400	0.4719104
541.9400	0.4629808
542.9800	0.4500319
544.0200	0.4377316
545.0700	0.4265706
545.9700	0.4186659
547.0100	0.4082868
548.0500	0.3969941
548.9500	0.3882654
550.0000	0.3771185
551.0400	0.3665340
551.9400	0.3592116
552.9800	0.3493054
554.0200	0.3399888
555.0700	0.3305270
555.9700	0.3241787
557.0100	0.3145409
558.0500	0.3064490
558.9500	0.2987349
560.0000	0.2895600
561.0200	0.2833789
562.0500	0.2746151
562.9400	0.2684293
563.9700	0.2592573
565.0000	0.2529858
566.0200	0.2458694
567.0500	0.2393278
567.9400	0.2339878
568.9700	0.2262492
570.0000	0.2192539
571.0200	0.2138806
572.0500	0.2083618
572.9400	0.2036082
573.9700	0.1971279
575.0000	0.1921815
576.0200	0.1863624
577.0500	0.1807193
577.9400	0.1759044
578.9700	0.1714154
580.0000	0.1673996
581.0200	0.1626994
582.0500	0.1581005
582.9400	0.1544223
583.9700	0.1490540
585.0000	0.1456073
586.0200	0.1416735
587.0500	0.1374881
587.9400	0.1338696
588.9700	0.1296240
590.0000	0.1268418
591.0200	0.1225605
592.0500	0.1184463
592.9400	0.1153923
593.9700	0.1123978
595.0000	0.1091569
596.0200	0.1063007
597.0500	0.1024639
597.9400	0.0996085
598.9700	0.0970819
600.0000	0.0941134
601.0200	0.0911757
602.0500	0.0884089
602.9400	0.0855654
603.9700	0.0832070
605.0000	0.0804245
606.0200	0.0779592
607.0500	0.0758702
607.9400	0.0737083
608.9700	0.0709670
610.0000	0.0686732
611.0200	0.0669320
612.0500	0.0644367
612.9400	0.0628679
613.9700	0.0606166
615.0000	0.0588729
616.0200	0.0568828
617.0500	0.0548731
617.9400	0.0536773
618.9700	0.0518620
620.0000	0.0500646
621.0100	0.0484745
622.0200	0.0468094
623.0400	0.0455086
624.0500	0.0435823
625.0700	0.0422827
625.9400	0.0412525
626.9500	0.0398729
627.9700	0.0385731
628.9800	0.0370234
630.0000	0.0355754
631.0100	0.0344253
632.0200	0.0331082
633.0400	0.0323945
634.0500	0.0313044
635.0700	0.0301093
635.9400	0.0294855
636.9500	0.0286057
637.9700	0.0275111
638.9800	0.0264701
640.0000	0.0253632
641.0100	0.0245551
642.0200	0.0237490
643.0400	0.0233418
644.0500	0.0220493
645.0700	0.0216089
645.9400	0.0207552
646.9500	0.0200044
647.9700	0.0193428
648.9800	0.0187407
650.0000	0.0180576
651.0100	0.0176659
652.0200	0.0168062
653.0400	0.0162387
654.0500	0.0156496
655.0700	0.0150234
655.9400	0.0146394
656.9500	0.0142651
657.9700	0.0135914
658.9800	0.0131303
660.0000	0.0127865
661.0000	0.0122470
662.0000	0.0117907
663.0000	0.0114504
664.0000	0.0108769
665.0000	0.0104743
666.0000	0.0102228
667.0000	0.0097682
668.0000	0.0094678
669.0000	0.0091390
670.0000	0.0087684
671.0100	0.0083477
672.0200	0.0080919
673.0400	0.0079359
674.0500	0.0076893
675.0700	0.0072746
675.9400	0.0070750
676.9500	0.0068851
677.9700	0.0065574
678.9800	0.0063837
680.0000	0.0061856
681.0000	0.0059787
682.0000	0.0056338
683.0000	0.0054139
684.0000	0.0051532
685.0000	0.0051046
686.0000	0.0049683
687.0000	0.0048558
688.0000	0.0045436
689.0000	0.0044474
690.0000	0.0042189
691.0000	0.0041770
692.0000	0.0040781
693.0000	0.0038521
694.0000	0.0037895
695.0000	0.0036816
696.0000	0.0034403
697.0000	0.0034961
698.0000	0.0033796
699.0000	0.0033185
700.0000	0.0031267
700.9800	0.0030902
701.9700	0.0029657
702.9500	0.0027807
703.9400	0.0028949
705.0700	0.0027595
706.0500	0.0026930
707.0400	0.0025368
708.0200	0.0025264
709.0100	0.0024050
710.0000	0.0023232
711.0000	0.0022484
712.0000	0.0022217
713.0000	0.0021991
714.0000	0.0021268
715.0000	0.0020735
716.0000	0.0019116
717.0000	0.0020267
718.0000	0.0019018
719.0000	0.0018158
720.0000	0.0017736
720.9800	0.0017565
721.9700	0.0015862
722.9500	0.0016635
723.9400	0.0015979
725.0700	0.0015548
726.0500	0.0015042
727.0400	0.0015684
728.0200	0.0015017
729.0100	0.0014635
730.0000	0.0014311
730.9800	0.0015686
731.9700	0.0016025
732.9500	0.0017708
733.9400	0.0020136
735.0700	0.0024249
736.0500	0.0027194
737.0400	0.0031580
738.0200	0.0035972
739.0100	0.0042815
740.0000	0.0051273
740.9700	0.0060729
741.9400	0.0069437
743.0500	0.0082027
744.0200	0.0095909
745.0000	0.0107331
745.9700	0.0121139
746.9400	0.0135426
748.0500	0.0162424
749.0200	0.0173149
750.0000	0.0192350
750.9800	0.0202752
751.9700	0.0204301
752.9500	0.0216383
753.9400	0.0223108
755.0700	0.0238112
756.0500	0.0252561
757.0400	0.0273377
758.0200	0.0275168
759.0100	0.0269331
760.0000	0.0272092
760.9700	0.0261775
761.9400	0.0249804
763.0500	0.0236894
764.0200	0.0227924
765.0000	0.0214195
765.9700	0.0201688
766.9400	0.0191740
768.0500	0.0177247
769.0200	0.0162620
770.0000	0.0150667
770.9700	0.0138917
771.9400	0.0123349
773.0500	0.0108047
774.0200	0.0092306
775.0000	0.0076841
775.9700	0.0063245
776.9400	0.0053077
778.0500	0.0041797
779.0200	0.0034890
780.0000	0.0027803
780.9500	0.0021799
782.0500	0.0016492
783.0100	0.0013135
783.9700	0.0009857
785.0600	0.0007755
786.0200	0.0006402
786.9800	0.0005589
787.9400	0.0004709
789.0400	0.0003955
790.0000	0.0003159
790.9500	0.0002742
792.0500	0.0002466
793.0100	0.0002504
793.9700	0.0001430
795.0600	0.0001304
796.0200	0.0002043
796.9800	0.0002038
797.9400	0.0001370
799.0400	0.0001420
800.0000	0.0001807
800.9500	0.0000998
802.0500	0.0000599
803.0100	0.0001960
803.9700	0.0001527
805.0600	0.0001694
806.0200	0.0000951
806.9800	0.0000499
807.9400	0.0001167
809.0400	0.0000759
810.0000	0.0000913
810.9500	0.0000349
812.0500	0.0000996
813.0100	0.0000727
813.9700	0.0000456
815.0600	0.0000089
816.0200	0.0000206
816.9800	0.0000535
817.9400	0.0000267
819.0400	0.0000892
820.0000	0.0000516
820.9400	0.0000000
822.0200	0.0000715
822.9700	0.0000000
824.0500	0.0000852
825.0000	0.0000975
825.9400	0.0001071
827.0200	0.0000544
827.9700	0.0000000
829.0500	0.0000017
830.0000	0.0000176
830.9400	0.0000895
832.0200	0.0000748
832.9700	0.0000075
834.0500	0.0000000
835.0000	0.0000000
835.9400	0.0000000
837.0200	0.0000000
837.9700	0.0000000
839.0500	0.0000374
840.0000	0.0000000
840.9400	0.0000000
842.0200	0.0000000
842.9700	0.0000662
844.0500	0.0000249
845.0000	0.0000000
845.9400	0.0000000
847.0200	0.0000643
847.9700	0.0000000
849.0500	0.0000762
850.0000	0.0000672
851.0600	0.0000388
852.0000	0.0001068
853.0600	0.0000536
854.0000	0.0000688
855.0600	0.0000782
856.0000	0.0001195
857.0600	0.0000000
858.0000	0.0001310
859.0600	0.0000835
860.0000	0.0001589
861.0600	0.0001312
862.0000	0.0001755
863.0600	0.0002517
864.0000	0.0002060
865.0600	0.0002157
866.0000	0.0002144
867.0600	0.0002574
868.0000	0.0002567
869.0600	0.0002796
870.0000	0.0002893
871.0600	0.0002979
872.0000	0.0002926
873.0600	0.0003352
874.0000	0.0003179
875.0600	0.0003654
876.0000	0.0004020
877.0600	0.0003609
878.0000	0.0004204
879.0600	0.0004458
880.0000	0.0004509
881.0500	0.0004528
881.9700	0.0004510
883.0200	0.0005055
883.9400	0.0004849
885.0000	0.0005864
886.0500	0.0006433
886.9700	0.0006697
888.0200	0.0007147
888.9400	0.0008123
890.0000	0.0007867
891.0500	0.0008655
891.9700	0.0008443
893.0200	0.0009547
893.9400	0.0009402
895.0000	0.0009707
896.0500	0.0010856
896.9700	0.0011364
898.0200	0.0011495
898.9400	0.0011218
900.0000	0.0012388
